469555.000000 3934685.000000 -117.335923 35.555359
469465.000000 3934775.000000 -117.336919 35.556168
469375.000000 3934865.000000 -117.337915 35.556976
469285.000000 3934955.000000 -117.338912 35.557785
469195.000000 3934955.000000 -117.339905 35.557782
469105.000000 3934955.000000 -117.340898 35.557780
469015.000000 3934955.000000 -117.341891 35.557777
468925.000000 3934955.000000 -117.342884 35.557774
468835.000000 3934955.000000 -117.343877 35.557771
468745.000000 3934955.000000 -117.344870 35.557768
468655.000000 3934955.000000 -117.345863 35.557765
468565.000000 3934955.000000 -117.346856 35.557763
468475.000000 3934955.000000 -117.347849 35.557760
468385.000000 3934955.000000 -117.348842 35.557757
468295.000000 3934955.000000 -117.349835 35.557754
468205.000000 3935045.000000 -117.350832 35.558563
468115.000000 3935135.000000 -117.351829 35.559371
468025.000000 3935225.000000 -117.352825 35.560180
467935.000000 3935225.000000 -117.353818 35.560177
467845.000000 3935315.000000 -117.354815 35.560985
467755.000000 3935405.000000 -117.355812 35.561794
467665.000000 3935495.000000 -117.356808 35.562602
467575.000000 3935585.000000 -117.357805 35.563411
467485.000000 3935675.000000 -117.358802 35.564220
467395.000000 3935765.000000 -117.359799 35.565028
467305.000000 3935855.000000 -117.360795 35.565837
467215.000000 3935945.000000 -117.361792 35.566645
467125.000000 3936035.000000 -117.362789 35.567454
467035.000000 3936125.000000 -117.363786 35.568262
466945.000000 3936215.000000 -117.364783 35.569071
466855.000000 3936305.000000 -117.365780 35.569879
466765.000000 3936395.000000 -117.366776 35.570687
466675.000000 3936485.000000 -117.367773 35.571496
466585.000000 3936575.000000 -117.368770 35.572304
466495.000000 3936665.000000 -117.369767 35.573113
466405.000000 3936755.000000 -117.370764 35.573921
466315.000000 3936845.000000 -117.371761 35.574730
466225.000000 3936935.000000 -117.372758 35.575538
466135.000000 3936935.000000 -117.373752 35.575535
466045.000000 3936935.000000 -117.374745 35.575532
465955.000000 3936935.000000 -117.375738 35.575529
465865.000000 3936935.000000 -117.376731 35.575526
465775.000000 3937025.000000 -117.377728 35.576334
465685.000000 3937115.000000 -117.378726 35.577142
465595.000000 3937205.000000 -117.379723 35.577951
465505.000000 3937295.000000 -117.380720 35.578759
465415.000000 3937385.000000 -117.381717 35.579567
465325.000000 3937475.000000 -117.382714 35.580376
465235.000000 3937565.000000 -117.383711 35.581184
465145.000000 3937655.000000 -117.384709 35.581992
465055.000000 3937745.000000 -117.385706 35.582801
464965.000000 3937835.000000 -117.386703 35.583609
464875.000000 3937925.000000 -117.387700 35.584417
464785.000000 3938015.000000 -117.388698 35.585225
464695.000000 3938105.000000 -117.389695 35.586034
464605.000000 3938195.000000 -117.390692 35.586842
464515.000000 3938285.000000 -117.391690 35.587650
464425.000000 3938375.000000 -117.392687 35.588459
464335.000000 3938465.000000 -117.393684 35.589267
464245.000000 3938555.000000 -117.394682 35.590075
464245.000000 3938645.000000 -117.394686 35.590886
464155.000000 3938735.000000 -117.395683 35.591695
464065.000000 3938825.000000 -117.396681 35.592503
463975.000000 3938915.000000 -117.397678 35.593311
463885.000000 3939005.000000 -117.398676 35.594119
463795.000000 3939095.000000 -117.399673 35.594927
463795.000000 3939185.000000 -117.399677 35.595739
463705.000000 3939275.000000 -117.400675 35.596547
463615.000000 3939365.000000 -117.401672 35.597355
463525.000000 3939455.000000 -117.402670 35.598163
463435.000000 3939545.000000 -117.403668 35.598972
463345.000000 3939635.000000 -117.404665 35.599780
463255.000000 3939725.000000 -117.405663 35.600588
463165.000000 3939815.000000 -117.406661 35.601396
463075.000000 3939905.000000 -117.407658 35.602204
463075.000000 3939995.000000 -117.407662 35.603015
462985.000000 3940085.000000 -117.408660 35.603824
462895.000000 3940175.000000 -117.409658 35.604632
462805.000000 3940265.000000 -117.410656 35.605440
462715.000000 3940355.000000 -117.411653 35.606248
462625.000000 3940445.000000 -117.412651 35.607056
462625.000000 3940535.000000 -117.412655 35.607867
462535.000000 3940625.000000 -117.413653 35.608675
462445.000000 3940715.000000 -117.414651 35.609483
462355.000000 3940805.000000 -117.415649 35.610292
462265.000000 3940895.000000 -117.416647 35.611100
462175.000000 3940985.000000 -117.417645 35.611908
462085.000000 3941075.000000 -117.418643 35.612716
461995.000000 3941165.000000 -117.419641 35.613524
461905.000000 3941255.000000 -117.420639 35.614332
461815.000000 3941345.000000 -117.421637 35.615140
461725.000000 3941435.000000 -117.422635 35.615948
461635.000000 3941525.000000 -117.423633 35.616756
461545.000000 3941615.000000 -117.424631 35.617564
461455.000000 3941615.000000 -117.425625 35.617560
461365.000000 3941705.000000 -117.426623 35.618368
461275.000000 3941795.000000 -117.427621 35.619176
461185.000000 3941885.000000 -117.428619 35.619984
461095.000000 3941975.000000 -117.429617 35.620792
461005.000000 3942065.000000 -117.430615 35.621600
460915.000000 3942155.000000 -117.431613 35.622408
460825.000000 3942245.000000 -117.432612 35.623215
460735.000000 3942335.000000 -117.433610 35.624023
460645.000000 3942425.000000 -117.434608 35.624831
460555.000000 3942515.000000 -117.435606 35.625639
460465.000000 3942605.000000 -117.436605 35.626447
460375.000000 3942695.000000 -117.437603 35.627255
460285.000000 3942785.000000 -117.438601 35.628063
460195.000000 3942875.000000 -117.439600 35.628871
460105.000000 3942965.000000 -117.440598 35.629678
460015.000000 3943055.000000 -117.441596 35.630486
459925.000000 3943145.000000 -117.442595 35.631294
459835.000000 3943235.000000 -117.443593 35.632102
459745.000000 3943235.000000 -117.444587 35.632098
459655.000000 3943325.000000 -117.445586 35.632906
459565.000000 3943415.000000 -117.446584 35.633714
459475.000000 3943415.000000 -117.447578 35.633710
459385.000000 3943505.000000 -117.448577 35.634518
459295.000000 3943595.000000 -117.449575 35.635326
459205.000000 3943685.000000 -117.450574 35.636133
459115.000000 3943775.000000 -117.451572 35.636941
459025.000000 3943865.000000 -117.452571 35.637749
458935.000000 3943865.000000 -117.453565 35.637745
458845.000000 3943955.000000 -117.454564 35.638553
458755.000000 3944045.000000 -117.455562 35.639360
458665.000000 3944135.000000 -117.456561 35.640168
458575.000000 3944225.000000 -117.457560 35.640976
458485.000000 3944315.000000 -117.458558 35.641783
458395.000000 3944315.000000 -117.459552 35.641780
458305.000000 3944315.000000 -117.460546 35.641776
458215.000000 3944315.000000 -117.461540 35.641772
458125.000000 3944405.000000 -117.462539 35.642580
458035.000000 3944495.000000 -117.463538 35.643387
457945.000000 3944585.000000 -117.464537 35.644195
457855.000000 3944585.000000 -117.465531 35.644191
457765.000000 3944585.000000 -117.466525 35.644187
457675.000000 3944585.000000 -117.467519 35.644183
457585.000000 3944585.000000 -117.468513 35.644180
457495.000000 3944585.000000 -117.469507 35.644176
457405.000000 3944585.000000 -117.470501 35.644172
457315.000000 3944585.000000 -117.471495 35.644168
457225.000000 3944585.000000 -117.472490 35.644164
457135.000000 3944585.000000 -117.473484 35.644160
457045.000000 3944675.000000 -117.474483 35.644968
456955.000000 3944765.000000 -117.475482 35.645775
456865.000000 3944855.000000 -117.476480 35.646583
456775.000000 3944855.000000 -117.477475 35.646579
456685.000000 3944855.000000 -117.478469 35.646575
456595.000000 3944855.000000 -117.479463 35.646571
456505.000000 3944855.000000 -117.480457 35.646567
456415.000000 3944945.000000 -117.481456 35.647374
456325.000000 3945035.000000 -117.482455 35.648182
456235.000000 3945125.000000 -117.483454 35.648989
456145.000000 3945215.000000 -117.484453 35.649797
456055.000000 3945215.000000 -117.485447 35.649793
455965.000000 3945305.000000 -117.486446 35.650600
455875.000000 3945395.000000 -117.487445 35.651408
455785.000000 3945485.000000 -117.488445 35.652215
455695.000000 3945575.000000 -117.489444 35.653023
455605.000000 3945665.000000 -117.490443 35.653830
455515.000000 3945755.000000 -117.491442 35.654637
455425.000000 3945755.000000 -117.492436 35.654633
455335.000000 3945845.000000 -117.493436 35.655441
455245.000000 3945935.000000 -117.494435 35.656248
455155.000000 3946025.000000 -117.495434 35.657055
455065.000000 3946115.000000 -117.496433 35.657863
454975.000000 3946205.000000 -117.497433 35.658670
454885.000000 3946295.000000 -117.498432 35.659477
454795.000000 3946385.000000 -117.499431 35.660285
454705.000000 3946475.000000 -117.500431 35.661092
454615.000000 3946565.000000 -117.501430 35.661899
454525.000000 3946655.000000 -117.502429 35.662707
454435.000000 3946745.000000 -117.503429 35.663514
454345.000000 3946835.000000 -117.504428 35.664321
454255.000000 3946925.000000 -117.505428 35.665129
454165.000000 3947015.000000 -117.506427 35.665936
454075.000000 3947105.000000 -117.507427 35.666743
453985.000000 3947105.000000 -117.508421 35.666739
453895.000000 3947195.000000 -117.509421 35.667546
453805.000000 3947285.000000 -117.510420 35.668353
453715.000000 3947375.000000 -117.511420 35.669161
453625.000000 3947465.000000 -117.512419 35.669968
453535.000000 3947555.000000 -117.513419 35.670775
453445.000000 3947645.000000 -117.514419 35.671582
453355.000000 3947735.000000 -117.515418 35.672389
453265.000000 3947825.000000 -117.516418 35.673197
453175.000000 3947915.000000 -117.517418 35.674004
453085.000000 3948005.000000 -117.518417 35.674811
452995.000000 3948095.000000 -117.519417 35.675618
452905.000000 3948185.000000 -117.520417 35.676425
452815.000000 3948275.000000 -117.521417 35.677232
452725.000000 3948275.000000 -117.522411 35.677228
452635.000000 3948365.000000 -117.523411 35.678035
452545.000000 3948455.000000 -117.524411 35.678842
452455.000000 3948545.000000 -117.525411 35.679650
452365.000000 3948635.000000 -117.526410 35.680457
452275.000000 3948725.000000 -117.527410 35.681264
452185.000000 3948815.000000 -117.528410 35.682071
452095.000000 3948905.000000 -117.529410 35.682878
452005.000000 3948995.000000 -117.530410 35.683685
451915.000000 3949085.000000 -117.531410 35.684492
451825.000000 3949175.000000 -117.532410 35.685299
451735.000000 3949175.000000 -117.533405 35.685295
451645.000000 3949265.000000 -117.534405 35.686102
451555.000000 3949265.000000 -117.535399 35.686097
451465.000000 3949355.000000 -117.536399 35.686904
451375.000000 3949445.000000 -117.537399 35.687711
451285.000000 3949445.000000 -117.538394 35.687707
451195.000000 3949535.000000 -117.539394 35.688514
451105.000000 3949625.000000 -117.540394 35.689321
451015.000000 3949715.000000 -117.541394 35.690128
450925.000000 3949715.000000 -117.542389 35.690123
450835.000000 3949805.000000 -117.543389 35.690930
450745.000000 3949805.000000 -117.544384 35.690926
450655.000000 3949895.000000 -117.545384 35.691733
450565.000000 3949985.000000 -117.546384 35.692540
450475.000000 3950075.000000 -117.547385 35.693347
450385.000000 3950165.000000 -117.548385 35.694153
450295.000000 3950255.000000 -117.549385 35.694960
450205.000000 3950345.000000 -117.550385 35.695767
450115.000000 3950435.000000 -117.551386 35.696574
450025.000000 3950525.000000 -117.552386 35.697381
449935.000000 3950615.000000 -117.553386 35.698188
449845.000000 3950705.000000 -117.554387 35.698995
449755.000000 3950795.000000 -117.555387 35.699802
449665.000000 3950885.000000 -117.556388 35.700608
449665.000000 3950975.000000 -117.556393 35.701420
449575.000000 3951065.000000 -117.557394 35.702227
449485.000000 3951155.000000 -117.558394 35.703034
449485.000000 3951245.000000 -117.558400 35.703845
449485.000000 3951335.000000 -117.558405 35.704656
449485.000000 3951425.000000 -117.558411 35.705468
449395.000000 3951515.000000 -117.559412 35.706275
449395.000000 3951605.000000 -117.559417 35.707086
449305.000000 3951695.000000 -117.560418 35.707893
449215.000000 3951785.000000 -117.561418 35.708700
449125.000000 3951875.000000 -117.562419 35.709506
449035.000000 3951965.000000 -117.563420 35.710313
449035.000000 3952055.000000 -117.563425 35.711125
449035.000000 3952145.000000 -117.563431 35.711936
448945.000000 3952235.000000 -117.564432 35.712743
448945.000000 3952325.000000 -117.564437 35.713554
448855.000000 3952415.000000 -117.565438 35.714361
448765.000000 3952505.000000 -117.566439 35.715168
448675.000000 3952595.000000 -117.567440 35.715975
448585.000000 3952685.000000 -117.568440 35.716781
448495.000000 3952775.000000 -117.569441 35.717588
448405.000000 3952865.000000 -117.570442 35.718395
448315.000000 3952955.000000 -117.571443 35.719201
448225.000000 3953045.000000 -117.572443 35.720008
448135.000000 3953135.000000 -117.573444 35.720815
448135.000000 3953225.000000 -117.573450 35.721626
448135.000000 3953315.000000 -117.573456 35.722438
448045.000000 3953405.000000 -117.574457 35.723244
448045.000000 3953495.000000 -117.574463 35.724056
448045.000000 3953585.000000 -117.574468 35.724867
447955.000000 3953675.000000 -117.575469 35.725674
447865.000000 3953765.000000 -117.576470 35.726481
447865.000000 3953855.000000 -117.576476 35.727292
447865.000000 3953945.000000 -117.576482 35.728104
447775.000000 3954035.000000 -117.577483 35.728910
447775.000000 3954125.000000 -117.577489 35.729722
447685.000000 3954215.000000 -117.578490 35.730528
447595.000000 3954305.000000 -117.579491 35.731335
447505.000000 3954395.000000 -117.580492 35.732142
447415.000000 3954485.000000 -117.581493 35.732948
447415.000000 3954575.000000 -117.581499 35.733760
447415.000000 3954665.000000 -117.581505 35.734571
447415.000000 3954755.000000 -117.581511 35.735382
447325.000000 3954845.000000 -117.582512 35.736189
447235.000000 3954935.000000 -117.583513 35.736996
447235.000000 3955025.000000 -117.583519 35.737807
447235.000000 3955115.000000 -117.583525 35.738619
447235.000000 3955205.000000 -117.583531 35.739430
447145.000000 3955295.000000 -117.584532 35.740237
447145.000000 3955385.000000 -117.584538 35.741048
447055.000000 3955475.000000 -117.585539 35.741855
446965.000000 3955565.000000 -117.586540 35.742661
446875.000000 3955655.000000 -117.587542 35.743468
446785.000000 3955745.000000 -117.588543 35.744274
446695.000000 3955835.000000 -117.589544 35.745081
446605.000000 3955925.000000 -117.590546 35.745887
446605.000000 3956015.000000 -117.590552 35.746699
446515.000000 3956105.000000 -117.591553 35.747505
446515.000000 3956195.000000 -117.591559 35.748317
446515.000000 3956285.000000 -117.591565 35.749128
446425.000000 3956375.000000 -117.592566 35.749935
446425.000000 3956465.000000 -117.592572 35.750746
446335.000000 3956555.000000 -117.593574 35.751553
446245.000000 3956645.000000 -117.594575 35.752359
446245.000000 3956735.000000 -117.594581 35.753171
446155.000000 3956825.000000 -117.595583 35.753977
446065.000000 3956915.000000 -117.596584 35.754784
445975.000000 3957005.000000 -117.597586 35.755590
445975.000000 3957095.000000 -117.597592 35.756401
445975.000000 3957185.000000 -117.597598 35.757213
445885.000000 3957275.000000 -117.598600 35.758019
445885.000000 3957365.000000 -117.598606 35.758831
445885.000000 3957455.000000 -117.598612 35.759642
445885.000000 3957545.000000 -117.598618 35.760454
445795.000000 3957635.000000 -117.599619 35.761260
445705.000000 3957725.000000 -117.600621 35.762067
445615.000000 3957815.000000 -117.601623 35.762873
445615.000000 3957905.000000 -117.601629 35.763684
445615.000000 3957995.000000 -117.601635 35.764496
445525.000000 3958085.000000 -117.602637 35.765302
445525.000000 3958175.000000 -117.602643 35.766114
445525.000000 3958265.000000 -117.602649 35.766925
445525.000000 3958355.000000 -117.602655 35.767737
445525.000000 3958445.000000 -117.602661 35.768548
445525.000000 3958535.000000 -117.602667 35.769359
445525.000000 3958625.000000 -117.602673 35.770171
445525.000000 3958715.000000 -117.602679 35.770982
445525.000000 3958805.000000 -117.602686 35.771794
445525.000000 3958895.000000 -117.602692 35.772605
445435.000000 3958985.000000 -117.603693 35.773412
445435.000000 3959075.000000 -117.603700 35.774223
445435.000000 3959165.000000 -117.603706 35.775034
445435.000000 3959255.000000 -117.603712 35.775846
445435.000000 3959345.000000 -117.603718 35.776657
445345.000000 3959435.000000 -117.604720 35.777464
445345.000000 3959525.000000 -117.604726 35.778275
445255.000000 3959615.000000 -117.605728 35.779081
445165.000000 3959705.000000 -117.606730 35.779888
445075.000000 3959795.000000 -117.607732 35.780694
444985.000000 3959885.000000 -117.608734 35.781501
444985.000000 3959975.000000 -117.608740 35.782312
444985.000000 3960065.000000 -117.608746 35.783123
444895.000000 3960155.000000 -117.609748 35.783930
444805.000000 3960245.000000 -117.610750 35.784736
444805.000000 3960335.000000 -117.610756 35.785548
444805.000000 3960425.000000 -117.610763 35.786359
444715.000000 3960515.000000 -117.611765 35.787165
444715.000000 3960605.000000 -117.611771 35.787977
444715.000000 3960695.000000 -117.611777 35.788788
444625.000000 3960785.000000 -117.612779 35.789595
444535.000000 3960875.000000 -117.613781 35.790401
444535.000000 3960965.000000 -117.613788 35.791212
444445.000000 3961055.000000 -117.614790 35.792019
444445.000000 3961145.000000 -117.614796 35.792830
444445.000000 3961235.000000 -117.614802 35.793641
444445.000000 3961325.000000 -117.614808 35.794453
444445.000000 3961415.000000 -117.614815 35.795264
444445.000000 3961505.000000 -117.614821 35.796076
444445.000000 3961595.000000 -117.614827 35.796887
444445.000000 3961685.000000 -117.614833 35.797699
444355.000000 3961775.000000 -117.615836 35.798505
444355.000000 3961865.000000 -117.615842 35.799316
444265.000000 3961955.000000 -117.616844 35.800123
444265.000000 3962045.000000 -117.616851 35.800934
444175.000000 3962135.000000 -117.617853 35.801740
444175.000000 3962225.000000 -117.617859 35.802552
444085.000000 3962315.000000 -117.618861 35.803358
443995.000000 3962405.000000 -117.619864 35.804164
443905.000000 3962495.000000 -117.620866 35.804971
443815.000000 3962585.000000 -117.621869 35.805777
443725.000000 3962675.000000 -117.622871 35.806583
443635.000000 3962765.000000 -117.623873 35.807389
443545.000000 3962855.000000 -117.624876 35.808196
443545.000000 3962945.000000 -117.624882 35.809007
443455.000000 3963035.000000 -117.625885 35.809813
443365.000000 3963125.000000 -117.626887 35.810619
443275.000000 3963215.000000 -117.627890 35.811426
443185.000000 3963305.000000 -117.628892 35.812232
443095.000000 3963395.000000 -117.629895 35.813038
443005.000000 3963485.000000 -117.630898 35.813844
443005.000000 3963575.000000 -117.630904 35.814656
442915.000000 3963665.000000 -117.631907 35.815462
442915.000000 3963755.000000 -117.631913 35.816273
442915.000000 3963845.000000 -117.631919 35.817085
442825.000000 3963935.000000 -117.632922 35.817891
442735.000000 3964025.000000 -117.633925 35.818697
442645.000000 3964115.000000 -117.634928 35.819503
442555.000000 3964205.000000 -117.635930 35.820309
442465.000000 3964295.000000 -117.636933 35.821115
442375.000000 3964385.000000 -117.637936 35.821922
442285.000000 3964475.000000 -117.638939 35.822728
442285.000000 3964565.000000 -117.638945 35.823539
442285.000000 3964655.000000 -117.638952 35.824350
442195.000000 3964745.000000 -117.639954 35.825157
442195.000000 3964835.000000 -117.639961 35.825968
442105.000000 3964925.000000 -117.640964 35.826774
442105.000000 3965015.000000 -117.640970 35.827585
442015.000000 3965105.000000 -117.641973 35.828392
441925.000000 3965195.000000 -117.642976 35.829198
441925.000000 3965285.000000 -117.642983 35.830009
441835.000000 3965375.000000 -117.643986 35.830815
441745.000000 3965465.000000 -117.644989 35.831621
441655.000000 3965555.000000 -117.645992 35.832427
441565.000000 3965645.000000 -117.646995 35.833233
441475.000000 3965735.000000 -117.647998 35.834039
441385.000000 3965825.000000 -117.649001 35.834845
441385.000000 3965915.000000 -117.649007 35.835657
441385.000000 3966005.000000 -117.649014 35.836468
441295.000000 3966095.000000 -117.650017 35.837274
441205.000000 3966185.000000 -117.651020 35.838080
441205.000000 3966275.000000 -117.651027 35.838892
441205.000000 3966365.000000 -117.651033 35.839703
441115.000000 3966455.000000 -117.652036 35.840509
441025.000000 3966545.000000 -117.653040 35.841315
440935.000000 3966635.000000 -117.654043 35.842121
440845.000000 3966725.000000 -117.655046 35.842927
440755.000000 3966815.000000 -117.656049 35.843733
440665.000000 3966905.000000 -117.657052 35.844539
440575.000000 3966995.000000 -117.658056 35.845345
440485.000000 3967085.000000 -117.659059 35.846151
440485.000000 3967175.000000 -117.659066 35.846962
440485.000000 3967265.000000 -117.659072 35.847774
440395.000000 3967355.000000 -117.660076 35.848580
440305.000000 3967445.000000 -117.661079 35.849385
440305.000000 3967535.000000 -117.661086 35.850197
440215.000000 3967625.000000 -117.662089 35.851003
440125.000000 3967715.000000 -117.663093 35.851809
440035.000000 3967805.000000 -117.664096 35.852615
439945.000000 3967895.000000 -117.665100 35.853420
439945.000000 3967985.000000 -117.665106 35.854232
439855.000000 3968075.000000 -117.666110 35.855038
439855.000000 3968165.000000 -117.666117 35.855849
439855.000000 3968255.000000 -117.666123 35.856661
439855.000000 3968345.000000 -117.666130 35.857472
439765.000000 3968435.000000 -117.667134 35.858278
439675.000000 3968525.000000 -117.668137 35.859084
439585.000000 3968615.000000 -117.669141 35.859889
439495.000000 3968705.000000 -117.670144 35.860695
439405.000000 3968795.000000 -117.671148 35.861501
439405.000000 3968885.000000 -117.671155 35.862313
439315.000000 3968975.000000 -117.672158 35.863118
439315.000000 3969065.000000 -117.672165 35.863930
439225.000000 3969155.000000 -117.673169 35.864736
439135.000000 3969245.000000 -117.674173 35.865541
439045.000000 3969335.000000 -117.675176 35.866347
438955.000000 3969425.000000 -117.676180 35.867153
438865.000000 3969515.000000 -117.677184 35.867959
438775.000000 3969605.000000 -117.678188 35.868765
438775.000000 3969695.000000 -117.678195 35.869576
438685.000000 3969785.000000 -117.679198 35.870382
438685.000000 3969875.000000 -117.679205 35.871193
438685.000000 3969965.000000 -117.679212 35.872005
438595.000000 3970055.000000 -117.680216 35.872810
438595.000000 3970145.000000 -117.680223 35.873622
438595.000000 3970235.000000 -117.680230 35.874433
438505.000000 3970325.000000 -117.681234 35.875239
438505.000000 3970415.000000 -117.681241 35.876050
438505.000000 3970505.000000 -117.681248 35.876862
438505.000000 3970595.000000 -117.681255 35.877673
