469877.000000 3934295.000000 -117.332355 35.551852
469790.000000 3934295.000000 -117.333315 35.551850
469703.000000 3934295.000000 -117.334275 35.551847
469616.000000 3934295.000000 -117.335235 35.551845
469529.000000 3934382.000000 -117.336198 35.552626
469442.000000 3934469.000000 -117.337161 35.553408
469355.000000 3934556.000000 -117.338124 35.554190
469268.000000 3934556.000000 -117.339084 35.554187
469181.000000 3934556.000000 -117.340044 35.554184
469094.000000 3934556.000000 -117.341004 35.554182
469007.000000 3934643.000000 -117.341967 35.554963
468920.000000 3934730.000000 -117.342931 35.555745
468833.000000 3934817.000000 -117.343894 35.556527
468746.000000 3934904.000000 -117.344857 35.557308
468659.000000 3934991.000000 -117.345821 35.558090
468572.000000 3934991.000000 -117.346780 35.558087
468485.000000 3935078.000000 -117.347744 35.558869
468398.000000 3935165.000000 -117.348707 35.559651
468311.000000 3935252.000000 -117.349671 35.560432
468224.000000 3935339.000000 -117.350634 35.561214
468137.000000 3935426.000000 -117.351597 35.561996
468050.000000 3935513.000000 -117.352561 35.562777
467963.000000 3935600.000000 -117.353524 35.563559
467876.000000 3935687.000000 -117.354488 35.564340
467789.000000 3935687.000000 -117.355448 35.564338
467702.000000 3935774.000000 -117.356411 35.565119
467615.000000 3935861.000000 -117.357375 35.565901
467528.000000 3935861.000000 -117.358335 35.565898
467441.000000 3935948.000000 -117.359298 35.566680
467354.000000 3936035.000000 -117.360262 35.567461
467267.000000 3936035.000000 -117.361222 35.567458
467180.000000 3936035.000000 -117.362182 35.567455
467093.000000 3936122.000000 -117.363146 35.568237
467006.000000 3936209.000000 -117.364109 35.569018
466919.000000 3936209.000000 -117.365069 35.569016
466832.000000 3936209.000000 -117.366029 35.569013
466745.000000 3936296.000000 -117.366993 35.569794
466658.000000 3936383.000000 -117.367957 35.570576
466571.000000 3936470.000000 -117.368920 35.571357
466484.000000 3936557.000000 -117.369884 35.572139
466397.000000 3936644.000000 -117.370848 35.572920
466310.000000 3936731.000000 -117.371812 35.573702
466223.000000 3936818.000000 -117.372775 35.574483
466136.000000 3936905.000000 -117.373739 35.575264
466049.000000 3936992.000000 -117.374703 35.576046
465962.000000 3937079.000000 -117.375667 35.576827
465875.000000 3937166.000000 -117.376631 35.577609
465788.000000 3937166.000000 -117.377591 35.577606
465701.000000 3937166.000000 -117.378551 35.577603
465614.000000 3937253.000000 -117.379515 35.578384
465527.000000 3937340.000000 -117.380479 35.579166
465440.000000 3937427.000000 -117.381443 35.579947
465353.000000 3937514.000000 -117.382407 35.580728
465266.000000 3937601.000000 -117.383371 35.581510
465179.000000 3937688.000000 -117.384335 35.582291
465092.000000 3937775.000000 -117.385299 35.583072
465005.000000 3937862.000000 -117.386263 35.583854
464918.000000 3937949.000000 -117.387227 35.584635
464831.000000 3938036.000000 -117.388191 35.585416
464744.000000 3938123.000000 -117.389155 35.586198
464657.000000 3938210.000000 -117.390119 35.586979
464570.000000 3938297.000000 -117.391083 35.587760
464483.000000 3938297.000000 -117.392043 35.587757
464396.000000 3938384.000000 -117.393007 35.588539
464309.000000 3938471.000000 -117.393972 35.589320
464222.000000 3938558.000000 -117.394936 35.590101
464135.000000 3938645.000000 -117.395900 35.590882
464048.000000 3938732.000000 -117.396864 35.591664
463961.000000 3938819.000000 -117.397828 35.592445
463874.000000 3938906.000000 -117.398793 35.593226
463787.000000 3938993.000000 -117.399757 35.594007
463700.000000 3939080.000000 -117.400721 35.594789
463613.000000 3939167.000000 -117.401686 35.595570
463526.000000 3939254.000000 -117.402650 35.596351
463439.000000 3939341.000000 -117.403614 35.597132
463352.000000 3939428.000000 -117.404579 35.597914
463265.000000 3939515.000000 -117.405543 35.598695
463178.000000 3939602.000000 -117.406507 35.599476
463091.000000 3939689.000000 -117.407472 35.600257
463004.000000 3939776.000000 -117.408436 35.601038
462917.000000 3939863.000000 -117.409401 35.601819
462830.000000 3939950.000000 -117.410365 35.602601
462743.000000 3940037.000000 -117.411330 35.603382
462656.000000 3940124.000000 -117.412294 35.604163
462569.000000 3940211.000000 -117.413259 35.604944
462482.000000 3940298.000000 -117.414223 35.605725
462395.000000 3940385.000000 -117.415188 35.606506
462308.000000 3940472.000000 -117.416152 35.607287
462221.000000 3940559.000000 -117.417117 35.608068
462134.000000 3940646.000000 -117.418082 35.608849
462047.000000 3940646.000000 -117.419042 35.608846
461960.000000 3940646.000000 -117.420003 35.608843
461873.000000 3940733.000000 -117.420967 35.609624
461786.000000 3940733.000000 -117.421928 35.609621
461699.000000 3940733.000000 -117.422888 35.609617
461612.000000 3940733.000000 -117.423849 35.609614
461525.000000 3940820.000000 -117.424814 35.610395
461438.000000 3940907.000000 -117.425778 35.611176
461351.000000 3940994.000000 -117.426743 35.611957
461264.000000 3941081.000000 -117.427708 35.612738
461177.000000 3941168.000000 -117.428673 35.613519
461090.000000 3941255.000000 -117.429638 35.614300
461003.000000 3941342.000000 -117.430602 35.615081
460916.000000 3941429.000000 -117.431567 35.615862
460829.000000 3941516.000000 -117.432532 35.616643
460742.000000 3941603.000000 -117.433497 35.617424
460655.000000 3941690.000000 -117.434462 35.618205
460568.000000 3941777.000000 -117.435427 35.618986
460481.000000 3941864.000000 -117.436392 35.619767
460394.000000 3941951.000000 -117.437357 35.620548
460307.000000 3942038.000000 -117.438322 35.621328
460220.000000 3942125.000000 -117.439287 35.622109
460133.000000 3942125.000000 -117.440247 35.622106
460046.000000 3942212.000000 -117.441212 35.622887
459959.000000 3942212.000000 -117.442173 35.622883
459872.000000 3942299.000000 -117.443138 35.623664
459785.000000 3942386.000000 -117.444103 35.624445
459698.000000 3942473.000000 -117.445068 35.625226
459611.000000 3942560.000000 -117.446033 35.626007
459524.000000 3942647.000000 -117.446998 35.626788
459437.000000 3942734.000000 -117.447964 35.627568
459350.000000 3942821.000000 -117.448929 35.628349
459263.000000 3942908.000000 -117.449894 35.629130
459176.000000 3942995.000000 -117.450859 35.629911
459089.000000 3943082.000000 -117.451824 35.630692
459002.000000 3943169.000000 -117.452790 35.631473
458915.000000 3943256.000000 -117.453755 35.632253
458828.000000 3943343.000000 -117.454720 35.633034
458741.000000 3943430.000000 -117.455685 35.633815
458654.000000 3943430.000000 -117.456646 35.633811
458567.000000 3943517.000000 -117.457611 35.634592
458480.000000 3943604.000000 -117.458577 35.635373
458393.000000 3943604.000000 -117.459538 35.635369
458306.000000 3943691.000000 -117.460503 35.636150
458219.000000 3943778.000000 -117.461468 35.636931
458132.000000 3943865.000000 -117.462434 35.637711
458045.000000 3943952.000000 -117.463399 35.638492
457958.000000 3944039.000000 -117.464365 35.639273
457871.000000 3944039.000000 -117.465326 35.639269
457784.000000 3944126.000000 -117.466291 35.640050
457697.000000 3944126.000000 -117.467252 35.640046
457610.000000 3944126.000000 -117.468213 35.640042
457523.000000 3944126.000000 -117.469174 35.640039
457436.000000 3944126.000000 -117.470135 35.640035
457349.000000 3944213.000000 -117.471100 35.640815
457262.000000 3944213.000000 -117.472061 35.640812
457175.000000 3944300.000000 -117.473027 35.641592
457088.000000 3944387.000000 -117.473992 35.642373
457001.000000 3944474.000000 -117.474958 35.643154
456914.000000 3944561.000000 -117.475923 35.643934
456827.000000 3944561.000000 -117.476884 35.643930
456740.000000 3944648.000000 -117.477850 35.644711
456653.000000 3944735.000000 -117.478816 35.645492
456566.000000 3944822.000000 -117.479781 35.646272
456479.000000 3944909.000000 -117.480747 35.647053
456392.000000 3944996.000000 -117.481713 35.647833
456305.000000 3945083.000000 -117.482679 35.648614
456218.000000 3945170.000000 -117.483644 35.649394
456131.000000 3945257.000000 -117.484610 35.650175
456044.000000 3945344.000000 -117.485576 35.650955
455957.000000 3945431.000000 -117.486542 35.651736
455870.000000 3945518.000000 -117.487507 35.652516
455783.000000 3945605.000000 -117.488473 35.653297
455696.000000 3945692.000000 -117.489439 35.654077
455609.000000 3945779.000000 -117.490405 35.654858
455522.000000 3945866.000000 -117.491371 35.655638
455435.000000 3945953.000000 -117.492337 35.656419
455348.000000 3946040.000000 -117.493303 35.657199
455261.000000 3946127.000000 -117.494269 35.657980
455174.000000 3946214.000000 -117.495235 35.658760
455087.000000 3946301.000000 -117.496201 35.659541
455000.000000 3946388.000000 -117.497167 35.660321
454913.000000 3946475.000000 -117.498133 35.661102
454826.000000 3946562.000000 -117.499099 35.661882
454739.000000 3946649.000000 -117.500065 35.662662
454652.000000 3946736.000000 -117.501031 35.663443
454565.000000 3946823.000000 -117.501997 35.664223
454478.000000 3946910.000000 -117.502963 35.665004
454391.000000 3946910.000000 -117.503924 35.665000
454304.000000 3946997.000000 -117.504891 35.665780
454217.000000 3947084.000000 -117.505857 35.666560
454130.000000 3947171.000000 -117.506823 35.667341
454043.000000 3947171.000000 -117.507784 35.667337
453956.000000 3947258.000000 -117.508750 35.668117
453869.000000 3947345.000000 -117.509717 35.668897
453782.000000 3947432.000000 -117.510683 35.669678
453695.000000 3947519.000000 -117.511649 35.670458
453608.000000 3947606.000000 -117.512615 35.671238
453521.000000 3947693.000000 -117.513582 35.672019
453434.000000 3947780.000000 -117.514548 35.672799
453347.000000 3947867.000000 -117.515514 35.673579
453260.000000 3947954.000000 -117.516481 35.674360
453173.000000 3948041.000000 -117.517447 35.675140
453086.000000 3948041.000000 -117.518408 35.675136
452999.000000 3948128.000000 -117.519375 35.675916
452912.000000 3948215.000000 -117.520341 35.676696
452825.000000 3948302.000000 -117.521308 35.677476
452738.000000 3948389.000000 -117.522274 35.678257
452651.000000 3948476.000000 -117.523241 35.679037
452564.000000 3948563.000000 -117.524207 35.679817
452477.000000 3948563.000000 -117.525169 35.679813
452390.000000 3948650.000000 -117.526135 35.680593
452303.000000 3948737.000000 -117.527102 35.681373
452216.000000 3948824.000000 -117.528068 35.682153
452129.000000 3948911.000000 -117.529035 35.682934
452042.000000 3948998.000000 -117.530001 35.683714
451955.000000 3949085.000000 -117.530968 35.684494
451868.000000 3949172.000000 -117.531935 35.685274
451781.000000 3949259.000000 -117.532901 35.686054
451694.000000 3949259.000000 -117.533863 35.686050
451607.000000 3949346.000000 -117.534830 35.686830
451520.000000 3949346.000000 -117.535791 35.686826
451433.000000 3949433.000000 -117.536758 35.687606
451346.000000 3949520.000000 -117.537724 35.688386
451259.000000 3949607.000000 -117.538691 35.689166
451172.000000 3949694.000000 -117.539658 35.689946
451085.000000 3949781.000000 -117.540625 35.690726
450998.000000 3949868.000000 -117.541592 35.691506
450911.000000 3949955.000000 -117.542558 35.692286
450824.000000 3950042.000000 -117.543525 35.693066
450737.000000 3950129.000000 -117.544492 35.693847
450650.000000 3950216.000000 -117.545459 35.694627
450563.000000 3950303.000000 -117.546426 35.695407
450476.000000 3950390.000000 -117.547393 35.696187
450389.000000 3950477.000000 -117.548360 35.696967
450302.000000 3950564.000000 -117.549327 35.697747
450215.000000 3950651.000000 -117.550294 35.698527
450128.000000 3950738.000000 -117.551261 35.699307
450041.000000 3950825.000000 -117.552228 35.700087
449954.000000 3950912.000000 -117.553195 35.700867
449867.000000 3950999.000000 -117.554162 35.701647
449780.000000 3951086.000000 -117.555129 35.702426
449693.000000 3951173.000000 -117.556096 35.703206
449606.000000 3951260.000000 -117.557063 35.703986
449519.000000 3951347.000000 -117.558030 35.704766
449519.000000 3951434.000000 -117.558036 35.705551
449432.000000 3951521.000000 -117.559003 35.706331
449432.000000 3951608.000000 -117.559009 35.707115
449345.000000 3951695.000000 -117.559976 35.707895
449258.000000 3951782.000000 -117.560943 35.708675
449258.000000 3951869.000000 -117.560948 35.709459
449171.000000 3951956.000000 -117.561916 35.710239
449084.000000 3952043.000000 -117.562883 35.711019
448997.000000 3952130.000000 -117.563850 35.711799
448997.000000 3952217.000000 -117.563856 35.712583
448910.000000 3952304.000000 -117.564823 35.713363
448910.000000 3952391.000000 -117.564829 35.714148
448823.000000 3952478.000000 -117.565796 35.714927
448736.000000 3952565.000000 -117.566763 35.715707
448649.000000 3952652.000000 -117.567731 35.716487
448649.000000 3952739.000000 -117.567736 35.717272
448562.000000 3952826.000000 -117.568704 35.718051
448475.000000 3952913.000000 -117.569671 35.718831
448388.000000 3953000.000000 -117.570638 35.719611
448388.000000 3953087.000000 -117.570644 35.720395
448301.000000 3953174.000000 -117.571612 35.721175
448214.000000 3953261.000000 -117.572579 35.721955
448214.000000 3953348.000000 -117.572585 35.722739
448127.000000 3953435.000000 -117.573552 35.723519
448040.000000 3953522.000000 -117.574520 35.724299
448040.000000 3953609.000000 -117.574525 35.725083
448040.000000 3953696.000000 -117.574531 35.725868
448040.000000 3953783.000000 -117.574537 35.726652
447953.000000 3953870.000000 -117.575504 35.727432
447866.000000 3953957.000000 -117.576472 35.728212
447866.000000 3954044.000000 -117.576477 35.728996
447779.000000 3954131.000000 -117.577445 35.729776
447779.000000 3954218.000000 -117.577451 35.730560
447692.000000 3954305.000000 -117.578418 35.731340
447605.000000 3954392.000000 -117.579386 35.732120
447518.000000 3954479.000000 -117.580354 35.732900
447518.000000 3954566.000000 -117.580359 35.733684
447431.000000 3954653.000000 -117.581327 35.734464
447431.000000 3954740.000000 -117.581333 35.735248
447344.000000 3954827.000000 -117.582301 35.736028
447344.000000 3954914.000000 -117.582306 35.736812
447344.000000 3955001.000000 -117.582312 35.737597
447344.000000 3955088.000000 -117.582318 35.738381
447344.000000 3955175.000000 -117.582323 35.739165
447257.000000 3955262.000000 -117.583291 35.739945
447257.000000 3955349.000000 -117.583297 35.740729
447170.000000 3955436.000000 -117.584265 35.741509
447170.000000 3955523.000000 -117.584271 35.742293
447083.000000 3955610.000000 -117.585238 35.743073
446996.000000 3955697.000000 -117.586206 35.743853
446909.000000 3955784.000000 -117.587174 35.744633
446822.000000 3955871.000000 -117.588142 35.745412
446735.000000 3955958.000000 -117.589110 35.746192
446735.000000 3956045.000000 -117.589116 35.746976
446648.000000 3956132.000000 -117.590084 35.747756
446561.000000 3956219.000000 -117.591052 35.748536
446474.000000 3956306.000000 -117.592020 35.749315
446474.000000 3956393.000000 -117.592026 35.750100
446387.000000 3956480.000000 -117.592994 35.750879
446300.000000 3956567.000000 -117.593962 35.751659
446300.000000 3956654.000000 -117.593968 35.752443
446300.000000 3956741.000000 -117.593973 35.753228
446213.000000 3956828.000000 -117.594941 35.754007
446213.000000 3956915.000000 -117.594947 35.754792
446126.000000 3957002.000000 -117.595915 35.755571
446039.000000 3957089.000000 -117.596884 35.756351
446039.000000 3957176.000000 -117.596889 35.757135
446039.000000 3957263.000000 -117.596895 35.757920
445952.000000 3957350.000000 -117.597863 35.758699
445952.000000 3957437.000000 -117.597869 35.759484
445865.000000 3957524.000000 -117.598838 35.760263
445865.000000 3957611.000000 -117.598843 35.761048
445778.000000 3957698.000000 -117.599812 35.761827
445778.000000 3957785.000000 -117.599818 35.762612
445778.000000 3957872.000000 -117.599823 35.763396
445691.000000 3957959.000000 -117.600792 35.764175
445691.000000 3958046.000000 -117.600798 35.764960
445691.000000 3958133.000000 -117.600804 35.765744
445691.000000 3958220.000000 -117.600809 35.766529
445604.000000 3958307.000000 -117.601778 35.767308
445517.000000 3958394.000000 -117.602746 35.768088
445517.000000 3958481.000000 -117.602752 35.768872
445517.000000 3958568.000000 -117.602758 35.769656
445517.000000 3958655.000000 -117.602764 35.770441
445517.000000 3958742.000000 -117.602770 35.771225
445517.000000 3958829.000000 -117.602776 35.772010
445517.000000 3958916.000000 -117.602782 35.772794
445517.000000 3959003.000000 -117.602788 35.773578
445517.000000 3959090.000000 -117.602793 35.774363
445430.000000 3959177.000000 -117.603762 35.775142
445343.000000 3959264.000000 -117.604730 35.775922
445343.000000 3959351.000000 -117.604736 35.776706
445343.000000 3959438.000000 -117.604742 35.777491
445256.000000 3959525.000000 -117.605711 35.778270
445169.000000 3959612.000000 -117.606679 35.779050
445169.000000 3959699.000000 -117.606685 35.779834
445169.000000 3959786.000000 -117.606691 35.780618
445169.000000 3959873.000000 -117.606697 35.781403
445169.000000 3959960.000000 -117.606703 35.782187
445169.000000 3960047.000000 -117.606709 35.782971
445082.000000 3960134.000000 -117.607678 35.783751
444995.000000 3960221.000000 -117.608646 35.784530
444908.000000 3960308.000000 -117.609615 35.785310
444821.000000 3960395.000000 -117.610583 35.786089
444821.000000 3960482.000000 -117.610589 35.786874
444821.000000 3960569.000000 -117.610595 35.787658
444734.000000 3960656.000000 -117.611564 35.788438
444647.000000 3960743.000000 -117.612533 35.789217
444560.000000 3960830.000000 -117.613502 35.789997
444560.000000 3960917.000000 -117.613508 35.790781
444473.000000 3961004.000000 -117.614476 35.791560
444473.000000 3961091.000000 -117.614482 35.792345
444473.000000 3961178.000000 -117.614488 35.793129
444386.000000 3961265.000000 -117.615457 35.793909
444386.000000 3961352.000000 -117.615463 35.794693
444386.000000 3961439.000000 -117.615469 35.795477
444386.000000 3961526.000000 -117.615475 35.796262
444386.000000 3961613.000000 -117.615481 35.797046
444386.000000 3961700.000000 -117.615487 35.797830
444386.000000 3961787.000000 -117.615493 35.798615
444299.000000 3961874.000000 -117.616462 35.799394
444299.000000 3961961.000000 -117.616468 35.800179
444212.000000 3962048.000000 -117.617437 35.800958
444212.000000 3962135.000000 -117.617443 35.801742
444212.000000 3962222.000000 -117.617449 35.802527
444212.000000 3962309.000000 -117.617456 35.803311
444212.000000 3962396.000000 -117.617462 35.804096
444212.000000 3962483.000000 -117.617468 35.804880
444212.000000 3962570.000000 -117.617474 35.805664
444212.000000 3962657.000000 -117.617480 35.806449
444212.000000 3962744.000000 -117.617486 35.807233
444125.000000 3962831.000000 -117.618455 35.808012
444038.000000 3962918.000000 -117.619424 35.808792
444038.000000 3963005.000000 -117.619430 35.809576
444038.000000 3963092.000000 -117.619436 35.810361
443951.000000 3963179.000000 -117.620405 35.811140
443864.000000 3963266.000000 -117.621374 35.811919
443777.000000 3963353.000000 -117.622343 35.812699
443777.000000 3963440.000000 -117.622349 35.813483
443777.000000 3963527.000000 -117.622355 35.814267
443690.000000 3963614.000000 -117.623325 35.815047
443603.000000 3963701.000000 -117.624294 35.815826
443516.000000 3963788.000000 -117.625263 35.816606
443429.000000 3963875.000000 -117.626232 35.817385
443342.000000 3963962.000000 -117.627201 35.818164
443255.000000 3964049.000000 -117.628170 35.818944
443255.000000 3964136.000000 -117.628177 35.819728
443255.000000 3964223.000000 -117.628183 35.820512
443168.000000 3964310.000000 -117.629152 35.821292
443168.000000 3964397.000000 -117.629158 35.822076
443081.000000 3964484.000000 -117.630128 35.822855
442994.000000 3964571.000000 -117.631097 35.823635
442907.000000 3964658.000000 -117.632066 35.824414
442907.000000 3964745.000000 -117.632072 35.825198
442820.000000 3964832.000000 -117.633042 35.825978
442733.000000 3964919.000000 -117.634011 35.826757
442646.000000 3965006.000000 -117.634980 35.827536
442559.000000 3965093.000000 -117.635950 35.828315
442472.000000 3965180.000000 -117.636919 35.829095
442385.000000 3965267.000000 -117.637889 35.829874
442298.000000 3965354.000000 -117.638858 35.830653
442211.000000 3965441.000000 -117.639828 35.831432
442124.000000 3965528.000000 -117.640797 35.832212
442037.000000 3965615.000000 -117.641767 35.832991
441950.000000 3965702.000000 -117.642736 35.833770
441863.000000 3965789.000000 -117.643706 35.834549
441776.000000 3965876.000000 -117.644675 35.835328
441689.000000 3965963.000000 -117.645645 35.836108
441602.000000 3966050.000000 -117.646615 35.836887
441515.000000 3966137.000000 -117.647584 35.837666
441428.000000 3966224.000000 -117.648554 35.838445
441341.000000 3966311.000000 -117.649524 35.839224
441254.000000 3966398.000000 -117.650493 35.840003
441167.000000 3966485.000000 -117.651463 35.840783
441080.000000 3966572.000000 -117.652433 35.841562
440993.000000 3966659.000000 -117.653402 35.842341
440906.000000 3966746.000000 -117.654372 35.843120
440819.000000 3966833.000000 -117.655342 35.843899
440732.000000 3966920.000000 -117.656312 35.844678
440645.000000 3967007.000000 -117.657282 35.845457
440558.000000 3967094.000000 -117.658251 35.846236
440471.000000 3967181.000000 -117.659221 35.847015
440384.000000 3967268.000000 -117.660191 35.847794
440297.000000 3967355.000000 -117.661161 35.848574
440210.000000 3967442.000000 -117.662131 35.849353
440123.000000 3967529.000000 -117.663101 35.850132
440036.000000 3967616.000000 -117.664071 35.850911
439949.000000 3967703.000000 -117.665041 35.851690
439862.000000 3967790.000000 -117.666011 35.852469
439775.000000 3967877.000000 -117.666981 35.853248
439688.000000 3967964.000000 -117.667951 35.854027
439601.000000 3968051.000000 -117.668921 35.854806
439514.000000 3968138.000000 -117.669891 35.855585
439427.000000 3968225.000000 -117.670861 35.856364
439340.000000 3968312.000000 -117.671831 35.857143
439253.000000 3968399.000000 -117.672801 35.857922
439166.000000 3968486.000000 -117.673771 35.858701
439079.000000 3968573.000000 -117.674742 35.859479
438992.000000 3968660.000000 -117.675712 35.860258
438905.000000 3968747.000000 -117.676682 35.861037
438905.000000 3968834.000000 -117.676689 35.861822
438818.000000 3968921.000000 -117.677659 35.862601
